0 0.2 10
0.00015 0.2 10
0.0003 0.2 10
0.00045 0.2 10
0.0006 0.2 10
0.00075 0.2 10
0.0009 0.2 10
0.00105 0.2 10
0.0012 0.2 10
0.00135 0.2 10
0.0015 0.2 10
0.00165 0.2 10
0.0018 0.2 10
0.00195 0.2 10
0.0021 0.2 10
0.00225 0.2 10
0.0024 0.2 10
0.00255 0.2 10
0.0027 0.2 10
0.00285 0.2 10
0.003 0.2 10
0 0.19 10
0.00015 0.19 2.03178
0.0003 0.19 2.03116
0.00045 0.19 2.03254
0.0006 0.19 2.02407
0.00075 0.19 2.01962
0.0009 0.19 2.01893
0.00105 0.19 2.02168
0.0012 0.19 2.01517
0.00135 0.19 2.0151
0.0015 0.19 2.01488
0.00165 0.19 2.01776
0.0018 0.19 2.00897
0.00195 0.19 2.01215
0.0021 0.19 2.01552
0.00225 0.19 2.01274
0.0024 0.19 2.01325
0.00255 0.19 2.01406
0.0027 0.19 2.01149
0.00285 0.19 2.01339
0.003 0.19 10
0 0.18 10
0.00015 0.18 2.03817
0.0003 0.18 2.03746
0.00045 0.18 2.03471
0.0006 0.18 2.02674
0.00075 0.18 2.02293
0.0009 0.18 2.02232
0.00105 0.18 2.01633
0.0012 0.18 2.01599
0.00135 0.18 2.01298
0.0015 0.18 2.01289
0.00165 0.18 2.01547
0.0018 0.18 2.01545
0.00195 0.18 2.01857
0.0021 0.18 2.01641
0.00225 0.18 2.01387
0.0024 0.18 2.00884
0.00255 0.18 2.00935
0.0027 0.18 2.01357
0.00285 0.18 2.01133
0.003 0.18 10
0 0.17 10
0.00015 0.17 2.03159
0.0003 0.17 2.03427
0.00045 0.17 2.03177
0.0006 0.17 2.03067
0.00075 0.17 2.02126
0.0009 0.17 2.01816
0.00105 0.17 2.01789
0.0012 0.17 2.01491
0.00135 0.17 2.01469
0.0015 0.17 2.01437
0.00165 0.17 2.01674
0.0018 0.17 2.01693
0.00195 0.17 2.02198
0.0021 0.17 2.02246
0.00225 0.17 2.02054
0.0024 0.17 2.01624
0.00255 0.17 2.01137
0.0027 0.17 2.01233
0.00285 0.17 2.0104
0.003 0.17 10
0 0.16 10
0.00015 0.16 2.02986
0.0003 0.16 2.0268
0.00045 0.16 2.0277
0.0006 0.16 2.02376
0.00075 0.16 2.02528
0.0009 0.16 2.01724
0.00105 0.16 2.02172
0.0012 0.16 2.01423
0.00135 0.16 2.01618
0.0015 0.16 2.02059
0.00165 0.16 2.01826
0.0018 0.16 2.02077
0.00195 0.16 2.01855
0.0021 0.16 2.01426
0.00225 0.16 2.01473
0.0024 0.16 2.01276
0.00255 0.16 2.01081
0.0027 0.16 2.01152
0.00285 0.16 2.00982
0.003 0.16 10
0 0.15 10
0.00015 0.15 2.02881
0.0003 0.15 2.02533
0.00045 0.15 2.02341
0.0006 0.15 2.02018
0.00075 0.15 2.02651
0.0009 0.15 2.02812
0.00105 0.15 2.01849
0.0012 0.15 2.016
0.00135 0.15 2.01553
0.0015 0.15 2.01768
0.00165 0.15 2.01981
0.0018 0.15 2.01995
0.00195 0.15 2.01794
0.0021 0.15 2.016
0.00225 0.15 2.00948
0.0024 0.15 2.00977
0.00255 0.15 2.01035
0.0027 0.15 2.00827
0.00285 0.15 2.0123
0.003 0.15 10
0 0.14 10
0.00015 0.14 2.03746
0.0003 0.14 2.02468
0.00045 0.14 2.02544
0.0006 0.14 2.01917
0.00075 0.14 2.02309
0.0009 0.14 2.02699
0.00105 0.14 2.02678
0.0012 0.14 2.02191
0.00135 0.14 2.02142
0.0015 0.14 2.01515
0.00165 0.14 2.01499
0.0018 0.14 2.0171
0.00195 0.14 2.01517
0.0021 0.14 2.01118
0.00225 0.14 2.0114
0.0024 0.14 2.00704
0.00255 0.14 2.00739
0.0027 0.14 2.00805
0.00285 0.14 2.00901
0.003 0.14 10
0 0.13 10
0.00015 0.13 2.03612
0.0003 0.13 2.03182
0.00045 0.13 2.02953
0.0006 0.13 2.02365
0.00075 0.13 2.02265
0.0009 0.13 2.02648
0.00105 0.13 2.02617
0.0012 0.13 2.01928
0.00135 0.13 2.01478
0.0015 0.13 2.01268
0.00165 0.13 2.01686
0.0018 0.13 2.01473
0.00195 0.13 2.01499
0.0021 0.13 2.01318
0.00225 0.13 2.01109
0.0024 0.13 2.00914
0.00255 0.13 2.00719
0.0027 0.13 2.00775
0.00285 0.13 2.00883
0.003 0.13 10
0 0.12 10
0.00015 0.12 2.02951
0.0003 0.12 2.03379
0.00045 0.12 2.02631
0.0006 0.12 2.02752
0.00075 0.12 2.02629
0.0009 0.12 2.02155
0.00105 0.12 2.01906
0.0012 0.12 2.02093
0.00135 0.12 2.01444
0.0015 0.12 2.01256
0.00165 0.12 2.01254
0.0018 0.12 2.01046
0.00195 0.12 2.00849
0.0021 0.12 2.01074
0.00225 0.12 2.01299
0.0024 0.12 2.01116
0.00255 0.12 2.00473
0.0027 0.12 2.00504
0.00285 0.12 2.00865
0.003 0.12 10
0 0.11 10
0.00015 0.11 2.02682
0.0003 0.11 2.02589
0.00045 0.11 2.01906
0.0006 0.11 2.02025
0.00075 0.11 2.01967
0.0009 0.11 2.01703
0.00105 0.11 2.01658
0.0012 0.11 2.01639
0.00135 0.11 2.01647
0.0015 0.11 2.01854
0.00165 0.11 2.01445
0.0018 0.11 2.01028
0.00195 0.11 2.01039
0.0021 0.11 2.0126
0.00225 0.11 2.01284
0.0024 0.11 2.00884
0.00255 0.11 2.00698
0.0027 0.11 2.00505
0.00285 0.11 2.00291
0.003 0.11 10
0 0.1 10
0.00015 0.1 2.03298
0.0003 0.1 2.02301
0.00045 0.1 2.01916
0.0006 0.1 2.01369
0.00075 0.1 2.01312
0.0009 0.1 2.0148
0.00105 0.1 2.01668
0.0012 0.1 2.01682
0.00135 0.1 2.01246
0.0015 0.1 2.01237
0.00165 0.1 2.01437
0.0018 0.1 2.00825
0.00195 0.1 2.01039
0.0021 0.1 2.00839
0.00225 0.1 2.01084
0.0024 0.1 2.00896
0.00255 0.1 2.00241
0.0027 0.1 2.00513
0.00285 0.1 2.00294
0.003 0.1 10
0 0.09 10
0.00015 0.09 2.03029
0.0003 0.09 2.02625
0.00045 0.09 2.02387
0.0006 0.09 2.01595
0.00075 0.09 2.01095
0.0009 0.09 2.0129
0.00105 0.09 2.01472
0.0012 0.09 2.01677
0.00135 0.09 2.01252
0.0015 0.09 2.01243
0.00165 0.09 2.01027
0.0018 0.09 2.00837
0.00195 0.09 2.00841
0.0021 0.09 2.00851
0.00225 0.09 2.00221
0.0024 0.09 2.00228
0.00255 0.09 2.00973
0.0027 0.09 2.00522
0.00285 0.09 2.00302
0.003 0.09 10
0 0.08 10
0.00015 0.08 2.01858
0.0003 0.08 2.02382
0.00045 0.08 2.01945
0.0006 0.08 2.01623
0.00075 0.08 2.01118
0.0009 0.08 2.01318
0.00105 0.08 2.01069
0.0012 0.08 2.0148
0.00135 0.08 2.01069
0.0015 0.08 2.00839
0.00165 0.08 2.00625
0.0018 0.08 2.00842
0.00195 0.08 2.00642
0.0021 0.08 2.00659
0.00225 0.08 2.00677
0.0024 0.08 2.00465
0.00255 0.08 2.01001
0.0027 0.08 2.00813
0.00285 0.08 2.00312
0.003 0.08 10
0 0.07 10
0.00015 0.07 2.01651
0.0003 0.07 2.01673
0.00045 0.07 2.01524
0.0006 0.07 2.01431
0.00075 0.07 2.01152
0.0009 0.07 2.01125
0.00105 0.07 2.01327
0.0012 0.07 2.01334
0.00135 0.07 2.0131
0.0015 0.07 2.00878
0.00165 0.07 2.00655
0.0018 0.07 2.00876
0.00195 0.07 2.00894
0.0021 0.07 2.00678
0.00225 0.07 2.00701
0.0024 0.07 2.00481
0.00255 0.07 2.01002
0.0027 0.07 2.00549
0.00285 0.07 2
0.003 0.07 10
0 0.06 10
0.00015 0.06 2.01761
0.0003 0.06 2.01754
0.00045 0.06 2.01593
0.0006 0.06 2.01782
0.00075 0.06 2.01449
0.0009 0.06 2.01647
0.00105 0.06 2.00697
0.0012 0.06 2.00691
0.00135 0.06 2.0023
0.0015 0.06 2.00685
0.00165 0.06 2.00923
0.0018 0.06 2.01157
0.00195 0.06 2.0047
0.0021 0.06 2.00471
0.00225 0.06 2.00729
0.0024 0.06 2.00498
0.00255 0.06 2.00518
0.0027 0.06 2.00283
0.00285 0.06 2.00335
0.003 0.06 10
0 0.05 10
0.00015 0.05 2.01929
0.0003 0.05 2.01876
0.00045 0.05 2.0141
0.0006 0.05 2.01346
0.00075 0.05 2.0104
0.0009 0.05 2.01016
0.00105 0.05 2.00503
0.0012 0.05 2.0098
0.00135 0.05 2.00249
0.0015 0.05 2.00246
0.00165 0.05 2.00488
0.0018 0.05 2.00733
0.00195 0.05 2.005
0.0021 0.05 2.00249
0.00225 0.05 2.00512
0.0024 0.05 2.00544
0.00255 0.05 2.00558
0.0027 0.05 2.00613
0.00285 0.05 2.00369
0.003 0.05 10
0 0.04 10
0.00015 0.04 2.01265
0.0003 0.04 2.01359
0.00045 0.04 2.00925
0.0006 0.04 2.01168
0.00075 0.04 2.01145
0.0009 0.04 2.00565
0.00105 0.04 2.00552
0.0012 0.04 2.0054
0.00135 0.04 2.00271
0.0015 0.04 2.00269
0.00165 0.04 2.00265
0.0018 0.04 2.00265
0.00195 0.04 2.00271
0.0021 0.04 2
0.00225 0.04 2.00565
0.0024 0.04 2.00584
0.00255 0.04 2.00608
0.0027 0.04 2.00335
0.00285 0.04 2.00405
0.003 0.04 10
0 0.03 10
0.00015 0.03 2.01411
0.0003 0.03 2.01174
0.00045 0.03 2.00725
0.0006 0.03 2.0101
0.00075 0.03 2.00674
0.0009 0.03 2.00663
0.00105 0.03 2.00325
0.0012 0.03 2.00634
0.00135 0.03 2.00309
0.0015 0.03 2.00306
0.00165 0.03 2.00304
0.0018 0.03 2
0.00195 0.03 2
0.0021 0.03 2.00317
0.00225 0.03 2.00319
0.0024 0.03 2.00656
0.00255 0.03 2.00349
0.0027 0.03 2
0.00285 0.03 2
0.003 0.03 10
0 0.02 10
0.00015 0.02 2.00573
0.0003 0.02 2.00461
0.00045 0.02 2.00862
0.0006 0.02 2.0085
0.00075 0.02 2.00809
0.0009 0.02 2.00831
0.00105 0.02 2
0.0012 0.02 2
0.00135 0.02 2
0.0015 0.02 2
0.00165 0.02 2
0.0018 0.02 2
0.00195 0.02 2
0.0021 0.02 2
0.00225 0.02 2.00393
0.0024 0.02 2.00811
0.00255 0.02 2
0.0027 0.02 2
0.00285 0.02 2
0.003 0.02 10
0 0.01 10
0.00015 0.01 2
0.0003 0.01 2.00617
0.00045 0.01 2.00579
0.0006 0.01 2.00582
0.00075 0.01 2.00556
0.0009 0.01 2.00574
0.00105 0.01 2
0.0012 0.01 2
0.00135 0.01 2
0.0015 0.01 2
0.00165 0.01 2
0.0018 0.01 2
0.00195 0.01 2
0.0021 0.01 2
0.00225 0.01 2
0.0024 0.01 2
0.00255 0.01 2
0.0027 0.01 2
0.00285 0.01 2
0.003 0.01 10
0 0 2
0.00015 0 2
0.0003 0 2
0.00045 0 2
0.0006 0 2
0.00075 0 2
0.0009 0 2
0.00105 0 2
0.0012 0 2
0.00135 0 2
0.0015 0 2
0.00165 0 2
0.0018 0 2
0.00195 0 2
0.0021 0 2
0.00225 0 2
0.0024 0 2
0.00255 0 2
0.0027 0 2
0.00285 0 2
0.003 0 2
